100960033
100960037
100960041
100960044
100960049
100960053
100960057
100960061
100960065
100960069
100960073
100960076
100960081
100960084
100960088
100960092
100960098
100960101
100960104
100960108
100960112
100960116
100960120
100960124
100960128
100960132
100960136
100960140
100960144
100960148
100960152
100960156
100960160
100960165
100960168
100960172
100960176
100960181
100960184
100960188
100960192
100960197
100960200
100960204
100960208
100960212
100960216
100960221
100960224
100960228
100960232
100960236
100960240
100960244
100960248
100960252
100960256
100960260
100960264
100960268
100960273
100960276
100960280
100960284
100960289
100960293
100960297
100960301
100960305
100960309
100960312
100960316
100960320
100960324
100960328
100960333
100960336
100960340
100960344
100960348
100960352
100960356
100960360
100960365
100960368
100960372
100960376
100960380
100960384
100960388
100960392
100960396
100960400
100960404
100960408
100960413
100960416
100960420
100960424
100960428
100960432
100960437
100960440
100960444
100960448
100960452
100960456
100960460
100960464
100960468
100960472
100960476
100960480
100960484
100960488
100960492
100960496
100960500
100960504
100960508
100960512
100960516
100960520
100960525
100966088
100966092
100966096
100966101
100966105
100966108
100966113
100966117
